[Info]
Type:AdvDupe File
Creator:"Attache ta Tuque"
Date:06/19/10
Description:"none"
Entities:3
Constraints:6
[More Information]
FileVersion:0.84
AdvDupeVersion:1.85
AdvDupeToolVersion:1.9
AdvDupeSharedVersion:1.72
SerialiserVersion:1.4
WireVersion:1910 (exported)
Time:06:02 PM
Head:33
HoldAngle:0,-45.8428,0
HoldPos:-189.582,18.6234,-41.6525
StartPos:7280.09,-65.76,64.0313
[Save]
Entities:H02F9D9B0{N:37=T:2DF91B20;N:33=T:429DB188;N:38=T:2417BD80;}2DF91B20{Y:4=T:3FFC59D0;Y:6=Y:5;Y:7=N:0;Y:8=N:0;Y:9=N:1;Y:2=V:-107.124,3.12796,175.078;Y:11=Y:10;Y:12=B:t;Y:13=N:1;Y:1=A:79.4222,177.21,88.7688;}2417BD80{Y:1=A:-1.61156,170.58,0.470342;Y:2=V:272.114,10.47,0.595604;Y:8=N:0;Y:4=T:2C469848;Y:6=Y:16;Y:11=Y:17;}2C469848{N:0=T:2E738250;}414C7890{Y:1=A:79.4222,177.21,88.7688;Y:2=V:-107.124,3.12796,175.078;Y:3=B:f;}2E738250{Y:1=A:-1.61156,170.58,0.470342;Y:2=V:272.114,10.47,0.595604;Y:3=B:f;}3FFC59D0{N:0=T:414C7890;}0306FA78{N:1=T:42DF0608;N:2=T:42DF06C0;N:0=T:02F8E118;}429DB188{Y:1=A:0,0,0;Y:2=V:189.582,-18.6234,41.6525;Y:8=N:0;Y:4=T:0306FA78;Y:6=Y:14;Y:11=Y:15;}02F8E118{Y:1=A:-90,-92.7893,180;Y:2=V:189.582,-18.6234,41.6525;Y:3=B:f;}42DF06C0{Y:1=A:24.8537,-2.78922,90;Y:2=V:345.558,-26.2221,24.2297;Y:3=B:f;}42DF0608{Y:1=A:-10.583,177.211,270;Y:2=V:321.037,-25.0275,94.1316;Y:3=B:f;}
Constraints:401CC6A0{Y:25=V:146.698,-19.4972,0.376147;Y:26=N:33;Y:27=N:1;}2EBDE360{Y:26=N:33;Y:27=N:0;}2CCD72F8{Y:18=N:20;Y:20=Y:19;Y:21=N:4;Y:22=N:20;S:"pl"=P:1;Y:23=N:3;Y:24=V:456.882,-6.79298,1.85196;Y:28=T:02FBBC08;Y:30=Y:29;Y:31=V:6.406,45.8282,453.189;Y:32=N:7;}3FE4A9D0{Y:26=N:33;Y:27=N:0;}2D70C1F0{T:2DB714E8;T:2EBDE360;}41617318{T:2E509620;T:401CC6A0;}2E89DBE0{Y:26=N:38;Y:27=N:0;}H2D0AF5F8{T:2E203EC8;T:2417F1D8;T:2D1820D0;T:2CCD72F8;T:2B6A3488;T:2D965EF8;}2B5837D8{Y:25=V:285.473,-12.7099,10.2842;Y:26=N:33;Y:27=N:1;}2C58C968{Y:25=V:6.40577,44.7959,453.226;Y:26=N:38;Y:27=N:0;}430F4318{T:2B5837D8;T:2C58C968;}2D1820D0{Y:28=T:2D70C1F0;Y:20=Y:35;}2DA09190{T:43004CC8;T:43004D98;}43004D98{Y:26=N:33;Y:27=N:1;}2C56BF88{Y:25=V:456.882,-6.79298,1.85196;Y:26=N:33;Y:27=N:1;}43004CC8{Y:26=N:37;Y:27=N:0;}02FBBC08{T:2B3A6330;T:2C56BF88;}2DB714E8{Y:26=N:38;Y:27=N:0;}2E203EC8{Y:18=N:20;Y:20=Y:19;Y:21=N:4;Y:22=N:20;S:"pl"=P:1;Y:23=N:3;Y:24=V:146.698,-19.4972,0.376147;Y:28=T:41617318;Y:30=Y:29;Y:31=V:5.88029,46.2912,451.887;Y:32=N:7;}2417F1D8{Y:28=T:4054EFD0;Y:20=Y:33;Y:34=N:0;}2D965EF8{Y:18=N:20;Y:20=Y:19;Y:21=N:4;Y:22=N:20;S:"pl"=P:1;Y:23=N:3;Y:24=V:6.40577,44.7959,453.226;Y:28=T:430F4318;Y:30=Y:29;Y:31=V:285.473,-12.7099,10.2842;Y:32=N:7;}2E509620{Y:25=V:5.88029,46.2912,451.887;Y:26=N:38;Y:27=N:0;}2B6A3488{Y:36=B:t;Y:34=N:0;Y:28=T:2DA09190;Y:37=B:t;Y:20=Y:33;}4054EFD0{T:3FE4A9D0;T:2E89DBE0;}2B3A6330{Y:25=V:6.406,45.8282,453.189;Y:26=N:38;Y:27=N:0;}
[Dict]
1:"LocalAngle"
2:"LocalPos"
3:"Frozen"
4:"PhysicsObjects"
5:"gmod_wire_input"
6:"Class"
7:"value_off"
8:"Skin"
9:"value_on"
10:"models/beer/wiremod/numpad.mdl"
11:"Model"
12:"toggle"
13:"keygroup"
14:"prop_ragdoll"
15:"models/2s7/2s7.mdl"
16:"prop_physics"
17:"models/props_c17/utilitypole01a.mdl"
18:"bwd_speed"
19:"Winch"
20:"Type"
21:"fwd_bind"
22:"fwd_speed"
23:"width"
24:"LPos2"
25:"LPos"
26:"Index"
27:"Bone"
28:"Entity"
29:"cable/cable2"
30:"material"
31:"LPos1"
32:"bwd_bind"
33:"Weld"
34:"forcelimit"
35:"NoCollide"
36:"nocollide"
37:"deleteonbreak"
Saved:85