[Info]
Type:AdvDupe File
Creator:"Attache ta Tuque"
Date:07/31/10
Description:"none"
Entities:4
Constraints:5
[More Information]
FileVersion:0.84
AdvDupeVersion:1.85
AdvDupeToolVersion:1.9
AdvDupeSharedVersion:1.72
SerialiserVersion:1.4
WireVersion:1910 (exported)
Time:11:17 PM
Head:352
HoldAngle:0,-41.5638,0
HoldPos:2.68574,0.703513,-2.7926
StartPos:-655.973,980.398,72.0313
[Save]
Entities:4027C080{Y:14=T:32B3EBE0;S:"Src"=N:352;Y:15=S:"Out";Y:16=V:-1.99164,0.751032,2.42795;Y:17=T:32B3EC10;Y:19=Y:18;Y:20=V:-3.43299,-0.645121,1.56243;Y:21=N:0.059999998658895;}32AC9C08{Y:3=A:0.227565,169.998,-2.10085e-006;Y:9=Y:30;Y:5=N:0;Y:31=N:0;Y:32=B:f;Y:33=N:1;Y:4=V:2.75616,0.228271,2.80325;Y:2=Y:34;Y:35=B:f;Y:12=T:3FEEDAE8;Y:7=T:33C8D9E8;}250D8320{S:"a"=N:0;S:"b"=N:0;S:"g"=N:91;S:"r"=N:7;}H321594F0{N:350=T:3F6B5D80;N:351=T:3F9B6FE0;N:349=T:336E74A8;N:352=T:32AC9C08;}26118170{Y:3=A:0.227565,169.998,-2.10085e-006;Y:4=V:2.75616,0.228271,2.80325;Y:6=B:f;}3F6B5D80{Y:2=Y:1;Y:3=A:4.12523,-150.63,-5.75711;Y:4=V:-1.49628,-4.83014,19.295;Y:5=N:0;Y:7=T:33166360;Y:9=Y:8;Y:12=T:3292D8E8;}401B4358{Y:10=N:50;}32B3EC40{N:0=T:33878BA0;}336E74A8{Y:2=Y:29;Y:3=A:0.145571,119.764,179.825;Y:4=V:0.256531,-2.87134,14.3814;Y:5=N:0;Y:7=T:3FBBC7A0;Y:9=Y:8;Y:12=T:336E7508;}33C8D9E8{N:0=T:26118170;}4027C020{Y:23=T:4027C050;}333ECA80{Y:3=A:4.12523,-150.63,354.243;Y:4=V:-1.49628,-4.83014,19.295;Y:6=B:f;}3FF3F138{;}3170C688{Y:10=N:1;}4027C050{Y:22=T:4027C080;}250D82F0{Y:17=T:250D8320;Y:25=N:0;Y:26=N:0;}337BC6B0{Y:11=T:3170C688;Y:24=T:4027C020;Y:27=T:250D82F0;}3FF3F108{Y:23=T:3FF3F138;}3FEEDAE8{Y:24=T:3FF3F108;}336E7508{Y:11=T:401B4358;}33166360{N:0=T:333ECA80;}32B3EC10{S:"a"=N:255;S:"b"=N:255;S:"g"=N:255;S:"r"=N:255;}3FBBC7D0{Y:3=A:0.145571,119.764,179.825;Y:4=V:0.256531,-2.87134,14.3814;Y:6=B:t;}33878BA0{Y:3=A:6.1154,-65.7525,3.57991;Y:4=V:-1.69836,-7.31152,39.6528;Y:6=B:f;}3FBBC7A0{N:0=T:3FBBC7D0;}336672F0{Y:10=N:2;}3F9B6FE0{Y:7=T:32B3EC40;Y:3=A:6.1154,-65.7525,3.57991;Y:4=V:-1.69836,-7.31152,39.6528;Y:2=Y:13;Y:12=T:337BC6B0;Y:9=Y:28;Y:5=N:0;}32B3EBE0{;}3292D8E8{Y:11=T:336672F0;}
Constraints:H329120F0{T:340C0560;T:33AA05B0;T:31C1D940;T:32AF4A70;T:3F8CE8B8;}3FEEE4E0{Y:38=N:349;Y:39=N:0;}328A53C0{Y:38=N:351;Y:39=N:0;}340C0560{Y:36=B:t;Y:37=N:0;Y:40=T:340C05B8;Y:41=B:t;Y:43=Y:42;}33AA0558{Y:38=N:350;Y:39=N:0;}32E35FD8{Y:38=N:351;Y:39=N:0;}3F8CE910{T:328A53C0;T:328A53F0;}3FEAF898{Y:38=N:349;Y:39=N:0;}340C05B8{T:3FEEE4B0;T:3FEEE4E0;}328A53F0{Y:38=N:350;Y:39=N:0;}3F8CE8B8{Y:40=T:3F8CE910;Y:43=Y:42;Y:37=N:0;}40269468{Y:47=V:-1.69299,0.0338855,-6.08276;Y:38=N:350;Y:39=N:0;}3FEAF868{Y:38=N:350;Y:39=N:0;}3FEEE4B0{Y:38=N:352;Y:39=N:0;}32AF4A70{Y:40=T:32AF4AA0;Y:43=Y:51;}32E35F78{T:32E35FD8;T:33AA0558;}32AF4AA0{T:3FEAF868;T:3FEAF898;}33AA05B0{Y:44=N:200;Y:36=N:0;Y:45=N:0;Y:46=V:-1.69299,0.0338855,-6.08276;Y:37=N:0;Y:40=T:33BCC438;Y:43=Y:48;Y:49=V:-0.266251,0.626843,1.00494;Y:50=V:-0.266263,-0.373135,1.00494;}40269438{Y:47=V:-0.266251,0.626843,1.00494;Y:38=N:349;Y:39=N:0;}31C1D940{Y:40=T:32E35F78;Y:43=Y:51;}33BCC438{T:40269438;T:40269468;}
[Dict]
1:"models/xqm/pistontype1.mdl"
2:"Model"
3:"LocalAngle"
4:"LocalPos"
5:"Skin"
6:"Frozen"
7:"PhysicsObjects"
8:"prop_physics"
9:"Class"
10:"Mass"
11:"mass"
12:"EntityMods"
13:"models/props_c17/pottery05a.mdl"
14:"Path"
15:"SrcId"
16:"SrcPos"
17:"Color"
18:"cable/cable2"
19:"Material"
20:"StartPos"
21:"Width"
22:"Fire"
23:"Wires"
24:"WireDupeInfo"
25:"RenderMode"
26:"RenderFX"
27:"colour"
28:"mk19"
29:"models/props_phx/wheelaxis.mdl"
30:"gmod_wire_button"
31:"value_off"
32:"entityout"
33:"value_on"
34:"models/dav0r/buttons/switch.mdl"
35:"toggle"
36:"nocollide"
37:"forcelimit"
38:"Index"
39:"Bone"
40:"Entity"
41:"deleteonbreak"
42:"Weld"
43:"Type"
44:"friction"
45:"torquelimit"
46:"LPos2"
47:"LPos"
48:"Axis"
49:"LPos1"
50:"LocalAxis"
51:"NoCollide"
Saved:72